11111111111111111111111111111111111111111111111111111111111111111111111111111111111111111111111111111111111111111111111
2                                                                                                 2                   2
2                                                                                                 2                   2
2                                                                                                 2                   2
2                                                                                                 2                   2
2                     1111111111        11        111         111  1111111111                     2                   2
2                     11               1111       11 11     11 11  11                             2                   2
2                     11	      11  11      11  11   11  11  11	                          2                   2
2                     11   11111     11    11     11   11 11   11  1111111111                     2                   2
2                     11      11    1111111111    11    111    11  11	                          2                   2
2                     11      11   11        11   11           11  11                             211111111111111111112
2                     1111111111  11          11  11           11  1111111111                     2                   2
2                                                                                                 2                   2
2                          1111     11          11  1111111111  11111111111                       2                   2
2                        11    11    11        11   11          11       11                       2                   2
2                       11      11    11      11    11          11       11                       2                   2
2                       11      11     11    11     1111111111  11111111111                       2                   2
2                       11      11      11  11      11          11   11                           2                   2
2                        11    11        1111       11          11     11                         2                   2
2                          1111           11        1111111111  11       11                       2                   2
2                                                                                                 2                   2
2                                                                                                 2                   2
2                                    DO YOU WANT TO CONTINUE?                                     2                   2
2                                       + Press Y for Yes                                         211111111111111111112
2                                       + Press N for No                                          2                   2
2                                                                                                 2                   2
2                                                                                                 2                   2
2                                                                                                 2                   2
2                                                                                                 2                   2
21111111111111111111111111111111111111111111111111111111111111111111111111111111111111111111111111211111111111111111112