111111111111111111111111111111111111111111111111111111111111111111111111111111111111111111111111111111111111111111111111
2                                                                                                  2                   2
2                                                                                                  2  ---GROUP 10---   2
2                                                                                                  2   Score :         2
2                                                                                                  2                   2
2                                                                                                  2   Time  :         2
2                                                                                                  2                   2
2											           2   Round : 01      2
2                                                                                                  2 ----------------- 2
2                      									           2   Grass : 33      2
2       33        33333333  33           33  33333333  33           33	      33  33333333         2                   2
2       33        33         33         33   33        33           33        33  33    33         2   Wall  : 22      2
2       33        33          33       33    33        33           33        33  33    33         2                   2
2       33        33333333     33     33     33333333  33           33        33  33333333         211111111111111111112
2       33        33            33   33      33        33           33        33  33               2   -------------   2
2       33        33             33 33       33        33           33        33  33               2  Press S to save  2
2       33333333  33333333        333        33333333  33333333     333333333333  33               2   -------------   2
2                                 							           2                   2
2                                                                                                  2   4444444444444   2
2                                                                                                  2   4           4   2
2                                                                                                  2   4           4   2
2                                                                                                  2   4           4   2
2                                                                                                  2   4           4   2
2                                                                                                  2   4           4   2
2                                                                                                  2   4           4   2
2                                                                                                  2   4           4   2
2                                                                                                  2   4           4   2
2             Congratulation! Please enter the gate to get through the next round                  2   4444444444444   2
2                                                                                                  2                   2
211111111111111111111111111111111111111111111111111111111111111111111111111111111111111111111111111211111111111111111112