11111111111111111111111111111111111111111111111111111111111111111111111111111111111111111111111111111111111111111111111
2                                                                                                 2                   2
2                                                                                                 2 --- GROUP XX ---  2
2                                                                                                 2                   2
2                                                                                                 2  Score :          2
2                                                                                                 2                   2
2                                                                                                 2  <X,Y> :          2
2                                                                                                 2                   2
2                                                                                                 2  Time  :          2
2                                                                                                 2                   2
2         333333333      33333      33      33   3333      33   33 333           333              211111111111111111112
2         33     33    33     33    33      33   33 33     33   33    33        3333              2                   2
2         333333333   33       33   33      33   33  33    33   33     33      33 33              2    Grass : 33     2
2         33          33       33   33      33   33   33   33   33     33         33              2                   2
2         33 33       33       33   33      33   33    33  33   33     33         33              2    Wall  : 22     2
2         33   33      33     33    33      33   33     33 33   33    33          33              2                   2
2         33     33      33333        333333     33      3333   33 333        3333333333          2  Press Z to save  2
2                                                                                                 2                   2
2                                                                                                 2  Press T to stop  2
2                                                                                                 2                   2
2                                                                                                 2   "Fighting!!!"   2
2                                                                                                 2                   2
2                                                                                                 2                   2
2                                                                                                 211111111111111111112
2                                                                                                 2                   2
2                                                                                                 2    Use A,S,W,D    2
2                                                                                                 2   keys to direct  2
2                                                                                                 2     the snake     2
2                                                                                                 2                   2
21111111111111111111111111111111111111111111111111111111111111111111111111111111111111111111111111211111111111111111112
11111111111111111111111111111111111111111111111111111111111111111111111111111111111111111111111111111111111111111111111
2                                                                                                 2                   2
2                                                                                                 2 --- GROUP XX ---  2
2                                                                                                 2                   2
2                                                                                                 2  Score :          2
2                                                                                                 2                   2
2                                                                                                 2  <X,Y> :          2
2                                                                                                 2                   2
2                                                                                                 2  Time  :          2
2                                                                                                 2                   2
2         333333333      33333      33      33   3333      33   33 333        3333333333          211111111111111111112
2         33     33    33     33    33      33   33 33     33   33    33      33      33          2                   2
2         333333333   33       33   33      33   33  33    33   33     33     33      33          2    Grass : 33     2
2         33          33       33   33      33   33   33   33   33     33           33            2                   2
2         33 33       33       33   33      33   33    33  33   33     33        33               2    Wall  : 22     2
2         33   33      33     33    33      33   33     33 33   33    33      33                  2                   2
2         33     33      33333        333333     33      3333   33 333        3333333333          2  Press Z to save  2
2                                                                                                 2                   2
2                                                                                                 2  Press T to stop  2
2                                                                                                 2                   2
2                                                                                                 2   "Fighting!!!"   2
2                                                                                                 2                   2
2                                                                                                 2                   2
2                                                                                                 211111111111111111112
2                                                                                                 2                   2
2                                                                                                 2    Use A,S,W,D    2
2                                                                                                 2   keys to direct  2
2                                                                                                 2     the snake     2
2                                                                                                 2                   2
21111111111111111111111111111111111111111111111111111111111111111111111111111111111111111111111111211111111111111111112
11111111111111111111111111111111111111111111111111111111111111111111111111111111111111111111111111111111111111111111111
2                                                                                                 2                   2
2                                                                                                 2 --- GROUP XX ---  2
2                                                                                                 2                   2
2                                                                                                 2  Score :          2
2                                                                                                 2                   2
2                                                                                                 2  <X,Y> :          2
2                                                                                                 2                   2
2                                                                                                 2  Time  :          2
2                                                                                                 2                   2
2         333333333      33333      33      33   3333      33   33 333        3333333333          211111111111111111112
2         33     33    33     33    33      33   33 33     33   33    33      33      33          2                   2
2         333333333   33       33   33      33   33  33    33   33     33             33          2    Grass : 33     2
2         33          33       33   33      33   33   33   33   33     33        3333333          2                   2
2         33 33       33       33   33      33   33    33  33   33     33             33          2    Wall  : 22     2
2         33   33      33     33    33      33   33     33 33   33    33      33      33          2                   2
2         33     33      33333        333333     33      3333   33 333        3333333333          2  Press Z to save  2
2                                                                                                 2                   2
2                                                                                                 2  Press T to stop  2
2                                                                                                 2                   2
2                                                                                                 2   "Fighting!!!"   2
2                                                                                                 2                   2
2                                                                                                 2                   2
2                                                                                                 211111111111111111112
2                                                                                                 2                   2
2                                                                                                 2    Use A,S,W,D    2
2                                                                                                 2   keys to direct  2
2                                                                                                 2     the snake     2
2                                                                                                 2                   2
21111111111111111111111111111111111111111111111111111111111111111111111111111111111111111111111111211111111111111111112
11111111111111111111111111111111111111111111111111111111111111111111111111111111111111111111111111111111111111111111111
2                                                                                                 2                   2
2                                                                                                 2 --- GROUP XX ---  2
2                                                                                                 2                   2
2                                                                                                 2  Score :          2
2                                                                                                 2                   2
2                                                                                                 2  <X,Y> :          2
2                                                                                                 2                   2
2                                                                                                 2  Time  :          2
2                                                                                                 2                   2
2         333333333      33333      33      33   3333      33   33 333            33              211111111111111111112
2         33     33    33     33    33      33   33 33     33   33    33         33               2                   2
2         333333333   33       33   33      33   33  33    33   33     33       33                2    Grass : 33     2
2         33          33       33   33      33   33   33   33   33     33      33     33          2                   2
2         33 33       33       33   33      33   33    33  33   33     33     3333333333          2    Wall  : 22     2
2         33   33      33     33    33      33   33     33 33   33    33              33          2                   2
2         33     33      33333        333333     33      3333   33 333                33          2  Press Z to save  2
2                                                                                                 2                   2
2                                                                                                 2  Press T to stop  2
2                                                                                                 2                   2
2                                                                                                 2   "Fighting!!!"   2
2                                                                                                 2                   2
2                                                                                                 2                   2
2                                                                                                 211111111111111111112
2                                                                                                 2                   2
2                                                                                                 2    Use A,S,W,D    2
2                                                                                                 2   keys to direct  2
2                                                                                                 2     the snake     2
2                                                                                                 2                   2
21111111111111111111111111111111111111111111111111111111111111111111111111111111111111111111111111211111111111111111112
11111111111111111111111111111111111111111111111111111111111111111111111111111111111111111111111111111111111111111111111
2                                                                                                 2                   2
2                                                                                                 2 --- GROUP XX ---  2
2                                                                                                 2                   2
2                                                                                                 2  Score :          2
2                                                                                                 2                   2
2                                                                                                 2  <X,Y> :          2
2                                                                                                 2                   2
2                                                                                                 2  Time  :          2
2                                                                                                 2                   2
2         333333333      33333      33      33   3333      33   33 333        3333333333          211111111111111111112
2         33     33    33     33    33      33   33 33     33   33    33      33                  2                   2
2         333333333   33       33   33      33   33  33    33   33     33     33                  2    Grass : 33     2
2         33          33       33   33      33   33   33   33   33     33     3333333333          2                   2
2         33 33       33       33   33      33   33    33  33   33     33             33          2    Wall  : 22     2
2         33   33      33     33    33      33   33     33 33   33    33              33          2                   2
2         33     33      33333        333333     33      3333   33 333        3333333333          2  Press Z to save  2
2                                                                                                 2                   2
2                                                                                                 2  Press T to stop  2
2                                                                                                 2                   2
2                                                                                                 2   "Fighting!!!"   2
2                                                                                                 2                   2
2                                                                                                 2                   2
2                                                                                                 211111111111111111112
2                                                                                                 2                   2
2                                                                                                 2    Use A,S,W,D    2
2                                                                                                 2   keys to direct  2
2                                                                                                 2     the snake     2
2                                                                                                 2                   2
21111111111111111111111111111111111111111111111111111111111111111111111111111111111111111111111111211111111111111111112