11111111111111111111111111111111111111111111111111111111111111111111111111111111111111111111111111111111111111111111111
2                                                                                                                     2
2                                                                                                                     2
2                                                                                                                     2
2                                                                                                                     2
2                                                                                                                     2
2                                                                                                                     2
2                                                                                                                     2
2                                                                                                                     2
2                                                                                                                     2
2                                                                                                                     2
2                                                                                                                     2
2                                                                                                                     2
2                                                                                                                     2
2                                                                                                                     2
2                                                                                                                     2
2                                                                                                                     2
2                                                                                                                     2
2                                                                                                                     2
2                                                                                                                     2
2                                                                                                                     2
2                                                                                                                     2
2                                                                                                                     2
2                                                                                                                     2
2                                                                                                                     2
2                                                                                                                     2
2                                                                                                                     2
2                                                                                                                     2
2                                                                                                                     2
21111111111111111111111111111111111111111111111111111111111111111111111111111111111111111111111111111111111111111111112
