11111111111111111111111111111111111111111111111111111111111111111111111111111111111111111111111111111111111111111111111
2                                                                                                 2                   2
2                                                                                                 2                   2
2                                                                                                 2   You are the     2
2                                                                                                 2                   2
2	                     11          11     11111     11       11                             2    CHAMPION !     2
2	                       11      11     11     11   11       11                             2                   2
2	                         11  11      11       11  11       11                             2                   2
2                                  11        11       11  11       11                             2                   2   
2                                  11        11       11  11       11                             2                   2 
2                                  11         11     11   11       11                             2                   2 
2                                  11           11111     11111111111                             2                   2
2                                                                                                 2                   2
2	               11                    11     111111     1111      11                       2                   2
2                       11        11        11    11      11   11 11     11                       2                   2 
2                        11      1111      11    11        11  11  11    11                       2                   2
2                         11    11  11    11     11        11  11   11   11                       2                   2 
2                          11  11    11  11      11        11  11    11  11                       2                   2
2                           1111      1111        11      11   11     11 11                       2                   2
2                            11        11           111111     11      1111                       2                   2
2                                                                                                 2                   2
2                                                                                                 2                   2
2                                                                                                 2                   2
2                                   DO YOU WANT TO PLAY AGAIN ?                                   2                   2
2                                        + Press Y for Yes                                        2                   2
2                                        + Press N for No                                         2                   2
2                                                                                                 2                   2
2                                                                                                 2                   2
2                                                                                                 2                   2
21111111111111111111111111111111111111111111111111111111111111111111111111111111111111111111111111211111111111111111112
